a 3.76 2.74
b 4.16 3.73
c 5.22 4.63
d 8.78 1.69
e 12.54 5.53
f 12.01 8.47
g 12.8 8.15
h 12.00 10.45
i 12.77 14.34
j 11.92 13.48
k 11.36 16.24
l 11.45 18.85
m 10.55 19.64
n 9.84 21.85
o 12.28 23.79
p 8.63 26.15
r 12.68 28.19
s 9.5 29.46
t 9.15 31.28
u 8 32.78
v 6.27 33.21
x 6.38 34.98
y 2.65 28.59
z 2.69 29.47
aa 2.63 26.46
ab 4.18 23.56
ac 5.33 21.47
ad 2.83 17.53
ae 3.28 16.71
af 5.92 17.81
ag 5.92 16.02
ah 5.05 13.75
ai 5.54 10.15
aj 7.47 11.67
ak 8.36 10.80
al 9.51 11.83
am 8.36 12.69
an 8.70 6.42
ao 1.88 5.69
ap 1.67 7.03
1 6.28 4
2 10.57 3.90
3 3.89 16.68
4 7.85 20.41
5 8.39 11.02
6 0.74 22.09
7 2.9 28.62
8 8.44 31.91
9 9.96 27.4
10 12.37 34.37
11 6.11 14.52
12 10.46 17.02
13 4.73 21.92